ic|SkyFarm|0.0|0.0|0|0|0|0|0|0.0|0.0|0.0|Farm,CommandCenter|
i|Sprinkler10|101.0|50.0|0|8|5|50|50|0.4000000059604645|0.501960813999176|0.9019607901573181|null|
i|Sprinkler01|100.0|50.0|1|2|1|50|50|0.4000000059604645|0.501960813999176|0.9019607901573181|null|
i|Sprinkler12|100.0|50.0|1|14|5|50|50|0.4000000059604645|0.501960813999176|0.9019607901573181|null|
i|Sprinkler11|100.0|50.0|1|11|5|50|50|0.4000000059604645|0.501960813999176|0.9019607901573181|null|
i|Sprinkler03|100.0|50.0|1|8|1|50|50|0.4000000059604645|0.501960813999176|0.9019607901573181|null|
i|Sprinkler02|100.0|50.0|1|5|1|50|50|0.4000000059604645|0.501960813999176|0.9019607901573181|null|
ic|CommandCenter|15000.0|0.0|0|24|6|300|200|0.7019608020782471|0.4000000059604645|0.10196078568696976|null|
i|Sprinkler05|100.0|50.0|1|14|1|50|50|0.4000000059604645|0.501960813999176|0.9019607901573181|null|
i|Sprinkler16|100.0|50.0|1|5|9|50|50|0.4000000059604645|0.501960813999176|0.9019607901573181|null|
i|Sprinkler04|100.0|50.0|1|11|1|50|50|0.4000000059604645|0.501960813999176|0.9019607901573181|null|
i|Sprinkler15|100.0|50.0|1|2|9|50|50|0.4000000059604645|0.501960813999176|0.9019607901573181|null|
i|Sprinkler18|100.0|50.0|1|11|9|50|50|0.4000000059604645|0.501960813999176|0.9019607901573181|null|
i|Sprinkler17|100.0|50.0|1|8|9|50|50|0.4000000059604645|0.501960813999176|0.9019607901573181|null|
i|Sprinkler09|100.0|50.0|1|5|5|50|50|0.4000000059604645|0.501960813999176|0.9019607901573181|null|
i|Sprinkler08|100.0|50.0|1|2|5|50|50|0.4000000059604645|0.501960813999176|0.9019607901573181|null|
i|Sprinkler19|100.0|50.0|1|14|9|50|50|0.4000000059604645|0.501960813999176|0.9019607901573181|null|
ic|Farm|100000.0|0.0|0|1|5|400|950|0.4000000059604645|0.6000000238418579|0.4000000059604645|Sprinkler10,Sprinkler01,Sprinkler12,Sprinkler11,Sprinkler03,Sprinkler02,Sprinkler05,Sprinkler16,Sprinkler04,Sprinkler15,Sprinkler18,Sprinkler17,Sprinkler09,Sprinkler08,Sprinkler19|